%% MATPOWER Case Format : Version 2
function mpc = pglib_opf_case39_epri
mpc.version = '2';

%%-----  Power Flow Data  -----%%
%% system MVA base
mpc.baseMVA = 100.0;
%% bus data
%    bus_i    type    Pd    Qd    Gs    Bs    area    Vm    Va    baseKV    zone    Vmax    Vmin
mpc.bus = [
	1	1	78.08	35.36	0.0	0.0	2	1.0058894633016264	-14.488993987175416	345.0	1	1.06	0.94				
	2	1	0.0	0.0	0.0	0.0	2	1.043281035341058	-8.59938685595842	345.0	1	1.06	0.94				
	3	1	257.6	1.9200000000000002	0.0	0.0	2	1.0376096766562346	-11.34694724555093	345.0	1	1.0554	0.94				
	4	1	400.0	147.20000000000002	0.0	0.0	1	1.027309508860541	-11.460797670206427	345.0	1	1.0479	0.94				
	5	1	0.0	0.0	0.0	0.0	1	1.0313703817057018	-10.09837888538134	345.0	1	1.0567	0.9439				
	6	1	0.0	0.0	0.0	0.0	1	1.034841810333174	-9.37107081284452	345.0	1	1.06	0.9469				
	7	1	187.04000000000002	67.2	0.0	0.0	1	1.0226325712362054	-11.47321801416334	345.0	1	1.0506	0.94				
	8	1	417.6	141.28	0.0	0.0	1	1.019818384295193	-12.073938871350201	345.0	1	1.0489	0.94				
	9	1	5.2	-53.279999999999994	0.0	0.0	1	1.0155097071729087	-15.135173263959318	345.0	1	1.06	0.9419				
	10	1	0.0	0.0	0.0	0.0	1	1.0488006657007456	-7.292746536797321	345.0	1	1.06	0.9552				
	11	1	0.0	0.0	0.0	0.0	1	1.0431373374755202	-8.006611167105458	345.0	1	1.0593	0.951				
	12	1	6.824	70.4	0.0	0.0	1	1.0347717433689512	-8.12328818466921	345.0	1	1.0497	0.94				
	13	1	0.0	0.0	0.0	0.0	1	1.0439438140388158	-8.141587554641134	345.0	1	1.0573	0.9498				
	14	1	0.0	0.0	0.0	0.0	1	1.0358739574397509	-10.17042262385697	345.0	1	1.0531	0.9423				
	15	1	256.00000000000006	122.40000000000002	0.0	0.0	3	1.029292409864174	-12.407166877997666	345.0	1	1.0466	0.94				
	16	1	263.2	25.839999999999996	0.0	0.0	3	1.037389197840436	-12.127799957154824	345.0	1	1.0546	0.9449				
	17	1	0.0	0.0	0.0	0.0	2	1.0403946974646303	-11.647480248637226	345.0	1	1.0554	0.9406				
	18	1	126.40000000000002	24.0	0.0	0.0	2	1.0385317334153081	-11.872070220791777	345.0	1	1.0546	0.94				
	19	1	0.0	0.0	0.0	0.0	3	1.0563390320691342	-10.569178979109868	345.0	1	1.06	0.9893				
	20	1	544.0	82.4	0.0	0.0	3	0.9903985188132509	-14.431855230472916	345.0	1	1.0067	0.94				
	21	1	219.20000000000002	92.0	0.0	0.0	3	1.025271459936635	-11.396353113265647	345.0	1	1.0519	0.94				
	22	1	0.0	0.0	0.0	0.0	3	1.0242769435451415	-8.983100276574842	345.0	1	1.06	0.9447				
	23	1	198.00000000000003	67.68	0.0	0.0	3	1.0301653812315785	-8.144454179470895	345.0	1	1.0572	0.94				
	24	1	246.88000000000002	-73.76	0.0	0.0	3	1.039939470979061	-12.234629172229276	345.0	1	1.0587	0.9459				
	25	1	179.20000000000002	37.760000000000005	0.0	0.0	2	1.0599999697748832	-6.786705484681473	345.0	1	1.06	0.94				
	26	1	111.19999999999999	13.600000000000001	0.0	0.0	2	1.0584122304182162	-7.349208170726318	345.0	1	1.06	0.94				
	27	1	224.8	60.400000000000006	0.0	0.0	2	1.0451368042294853	-10.225325004323533	345.0	1	1.054	0.94				
	28	1	164.8	22.080000000000002	0.0	0.0	3	1.0596768364227631	-2.1735915359535274	345.0	1	1.06	0.9414				
	29	1	226.8	21.519999999999996	0.0	0.0	3	1.0599998556294137	0.7667054939369136	345.0	1	1.06	0.9457				
	30	2	0.0	0.0	0.0	0.0	2	1.0410631455780794	-5.920261071939391	345.0	1	1.06	0.94				
	31	3	7.359999999999999	3.6799999999999997	0.0	0.0	1	1.013858514904257	1.3357164091245737e-22	345.0	1	1.06	0.94				
	32	2	0.0	0.0	0.0	0.0	1	1.0286803680949648	0.830241933523871	345.0	1	1.048	0.94				
	33	2	0.0	0.0	0.0	0.0	3	1.011901814602239	-5.361570847713273	345.0	1	1.0266	0.94				
	34	2	0.0	0.0	0.0	0.0	3	0.9966722968720466	-13.8195681962058	345.0	1	1.0282	0.94				
	35	2	0.0	0.0	0.0	0.0	3	0.9862013688287783	-7.73013719970755	345.0	1	1.06	0.94				
	36	2	0.0	0.0	0.0	0.0	3	1.0593826896458347	0.1286977130218837	345.0	1	1.06	0.94				
	37	2	0.0	0.0	0.0	0.0	2	1.0295944616779054	0.27225529833532663	345.0	1	1.06	0.94				
	38	2	0.0	0.0	0.0	0.0	3	1.0375631613015914	7.977273217711297	345.0	1	1.06	0.94				
	39	2	883.1999999999999	200.0	0.0	0.0	1	0.9819134982454834	-17.171539551451694	345.0	1	1.06	0.94				
];

%% generator data
%    bus    Pg    Qg    Qmax    Qmin    Vg    mBase    status    Pmax    Pmin    Pc1    Pc2    Qc1min    Qc1max    Qc2min    Qc2max    ramp_agc    ramp_10    ramp_30    ramp_q    apf
mpc.gen = [
	30	278.932834509921	140.00005993442485	400.0	140.0	1.0	100.0	1	1040.0	0.0															
	31	646.0000057752618	245.4796883368223	300.0	-100.0	1.0	100.0	1	646.0	0.0															
	32	713.954241565489	299.99923780289487	300.0	150.0	1.0	100.0	1	725.0	0.0															
	33	648.5516988021433	172.93438132497795	250.0	0.0	1.0	100.0	1	652.0	0.0															
	34	63.49544011179571	80.8574573648014	167.0	0.0	1.0	100.0	1	508.0	0.0															
	35	152.95952288591928	-88.64968580077489	300.0	-100.0	1.0	100.0	1	687.0	0.0															
	36	580.0	144.88796361563834	240.0	0.0	1.0	100.0	1	580.0	0.0															
	37	564.0	0.00011145780979029671	250.0	0.0	1.0	100.0	1	564.0	0.0															
	38	856.9253350636552	32.762801242430385	300.0	-150.0	1.0	100.0	1	865.0	0.0															
	39	554.8117318180975	-99.88558377636643	300.0	-100.0	1.0	100.0	1	1100.0	0.0															
];

%% branch data
%    f_bus    t_bus    r    x    b    rateA    rateB    rateC    ratio    angle    status    angmin    angmax
