%% MATPOWER Case Format : Version 2
function mpc = pglib_opf_case39_epri
mpc.version = '2';

%%-----  Power Flow Data  -----%%
%% system MVA base
mpc.baseMVA = 100.0;
%% bus data
%    bus_i    type    Pd    Qd    Gs    Bs    area    Vm    Va    baseKV    zone    Vmax    Vmin
mpc.bus = [
	1	1	78.08	35.36	0.0	0.0	2	1.0394886833832468	-4.121296383143767	345.0	1	1.06	0.94				
	2	1	0.0	0.0	0.0	0.0	2	1.0436234069665813	-0.1517106835464705	345.0	1	1.06	0.94				
	3	1	257.6	1.9200000000000002	0.0	0.0	2	1.032914112580994	-4.125087415560089	345.0	1	1.0554	0.94				
	4	1	400.0	147.20000000000002	0.0	0.0	1	1.025514013887341	-5.6218876567508	345.0	1	1.0479	0.94				
	5	1	0.0	0.0	0.0	0.0	1	1.0336917134975567	-5.07370493977427	345.0	1	1.0567	0.9439				
	6	1	0.0	0.0	0.0	0.0	1	1.0366056792301148	-4.6227850784079845	345.0	1	1.06	0.9469				
	7	1	187.04000000000002	67.2	0.0	0.0	1	1.0282210378804977	-6.21080266254107	345.0	1	1.0506	0.94				
	8	1	417.6	141.28	0.0	0.0	1	1.0272119219564353	-6.5539393962097225	345.0	1	1.0489	0.94				
	9	1	5.2	-53.279999999999994	0.0	0.0	1	1.0493946141561827	-6.019211375433161	345.0	1	1.06	0.9419				
	10	1	0.0	0.0	0.0	0.0	1	1.042883747467732	-2.3642739595013746	345.0	1	1.06	0.9552				
	11	1	0.0	0.0	0.0	0.0	1	1.0397753590760006	-3.1339350806274067	345.0	1	1.0593	0.951				
	12	1	6.824	70.4	0.0	0.0	1	1.0304008597573269	-3.095578122629275	345.0	1	1.0497	0.94				
	13	1	0.0	0.0	0.0	0.0	1	1.0387439180793194	-2.957984480324332	345.0	1	1.0573	0.9498				
	14	1	0.0	0.0	0.0	0.0	1	1.0316689089090325	-4.340961931010907	345.0	1	1.0531	0.9423				
	15	1	256.00000000000006	122.40000000000002	0.0	0.0	3	1.0215944317488443	-5.177033094158325	345.0	1	1.0466	0.94				
	16	1	263.2	25.839999999999996	0.0	0.0	3	1.0282582483673037	-4.271477058765554	345.0	1	1.0546	0.9449				
	17	1	0.0	0.0	0.0	0.0	2	1.0286391870000324	-4.784155131756142	345.0	1	1.0554	0.9406				
	18	1	126.40000000000002	24.0	0.0	0.0	2	1.0294370820984227	-4.8773251431348905	345.0	1	1.0546	0.94				
	19	1	0.0	0.0	0.0	0.0	3	1.0472286574868943	-2.6431537470693143	345.0	1	1.06	0.9893				
	20	1	544.0	82.4	0.0	0.0	3	0.9707250174891218	-6.312288585769221	345.0	1	1.0067	0.94				
	21	1	219.20000000000002	92.0	0.0	0.0	3	1.019247340624448	-1.8281615038490726	345.0	1	1.0519	0.94				
	22	1	0.0	0.0	0.0	0.0	3	1.024238455255017	2.3728100483740344	345.0	1	1.06	0.9447				
	23	1	198.00000000000003	67.68	0.0	0.0	3	1.0204979547908888	1.8890524338961519	345.0	1	1.0572	0.94				
	24	1	246.88000000000002	-73.76	0.0	0.0	3	1.0302693866182977	-4.080497535632908	345.0	1	1.0587	0.9459				
	25	1	179.20000000000002	37.760000000000005	0.0	0.0	2	1.0370815864008136	0.0031623668252717106	345.0	1	1.06	0.94				
	26	1	111.19999999999999	13.600000000000001	0.0	0.0	2	1.0251759616376888	-4.44755832327318	345.0	1	1.06	0.94				
	27	1	224.8	60.400000000000006	0.0	0.0	2	1.0226731714615767	-5.566973467160899	345.0	1	1.054	0.94				
	28	1	164.8	22.080000000000002	0.0	0.0	3	0.9983264171070182	-4.917428054703397	345.0	1	1.06	0.9414				
	29	1	226.8	21.519999999999996	0.0	0.0	3	0.9879307390777851	-3.6022976551176087	345.0	1	1.06	0.9457				
	30	2	0.0	0.0	0.0	0.0	2	1.0352621380935427	6.752822901335141	345.0	1	1.06	0.94				
	31	3	7.359999999999999	3.6799999999999997	0.0	0.0	1	1.010092325536903	-1.8971938916057512e-27	345.0	1	1.06	0.94				
	32	2	0.0	0.0	0.0	0.0	1	1.006029177571103	4.797151232362959	345.0	1	1.048	0.94				
	33	2	0.0	0.0	0.0	0.0	3	1.0143029438558595	2.326394261054844	345.0	1	1.0266	0.94				
	34	2	0.0	0.0	0.0	0.0	3	0.9627910720985489	-5.2534966045932405	345.0	1	1.0282	0.94				
	35	2	0.0	0.0	0.0	0.0	3	1.0086748327461672	7.596908688989404	345.0	1	1.06	0.94				
	36	2	0.0	0.0	0.0	0.0	3	1.0216163272708634	8.10290146140689	345.0	1	1.06	0.94				
	37	2	0.0	0.0	0.0	0.0	2	1.0096733808966776	5.473531395011894	345.0	1	1.06	0.94				
	38	2	0.0	0.0	0.0	0.0	3	0.939999997726969	0.3173970843568483	345.0	1	1.06	0.94				
	39	2	883.1999999999999	200.0	0.0	0.0	1	1.0311962884391574	-5.489996967221278	345.0	1	1.06	0.94				
];

%% generator data
%    bus    Pg    Qg    Qmax    Qmin    Vg    mBase    status    Pmax    Pmin    Pc1    Pc2    Qc1min    Qc1max    Qc2min    Qc2max    ramp_agc    ramp_10    ramp_30    ramp_q    apf
mpc.gen = [
	30	748.1847955165738	140.00000664738852	400.0	140.0	1.0	100.0	1	1040.0	0.0															
	31	322.83187569852237	183.28870490095056	300.0	-100.0	1.0	100.0	1	646.0	0.0															
	32	628.3490365080324	196.04949761251953	300.0	150.0	1.0	100.0	1	725.0	0.0															
	33	614.9691046337038	249.99861952260954	250.0	0.0	1.0	100.0	1	652.0	0.0															
	34	74.25561709905143	0.00023894513984253115	167.0	0.0	1.0	100.0	1	508.0	0.0															
	35	687.0	95.70791162000131	300.0	-100.0	1.0	100.0	1	687.0	0.0															
	36	481.55977408596965	19.086834392595296	240.0	0.0	1.0	100.0	1	580.0	0.0															
	37	417.7002025552386	2.47904840001829e-6	250.0	0.0	1.0	100.0	1	564.0	0.0															
	38	407.6537505034633	-149.999964568854	300.0	-150.0	1.0	100.0	1	865.0	0.0															
	39	784.7222541955489	-8.872999789248977	300.0	-100.0	1.0	100.0	1	1100.0	0.0															
];

%% branch data
%    f_bus    t_bus    r    x    b    rateA    rateB    rateC    ratio    angle    status    angmin    angmax
