%% MATPOWER Case Format : Version 2
function mpc = pglib_opf_case39_epri
mpc.version = '2';

%%-----  Power Flow Data  -----%%
%% system MVA base
mpc.baseMVA = 100.0;
%% bus data
%    bus_i    type    Pd    Qd    Gs    Bs    area    Vm    Va    baseKV    zone    Vmax    Vmin
mpc.bus = [
	1	1	78.08	35.36	0.0	0.0	2	1.0118964863737825	-3.9709910327478166	345.0	1	1.06	0.94				
	2	1	0.0	0.0	0.0	0.0	2	1.0361640849635887	-1.8690313829285197	345.0	1	1.06	0.94				
	3	1	257.6	1.9200000000000002	0.0	0.0	2	1.0261883116764676	-5.740113468215608	345.0	1	1.0554	0.94				
	4	1	400.0	147.20000000000002	0.0	0.0	1	1.0173098456700833	-8.317386674088182	345.0	1	1.0479	0.94				
	5	1	0.0	0.0	0.0	0.0	1	1.023388123160793	-7.867646658862885	345.0	1	1.0567	0.9439				
	6	1	0.0	0.0	0.0	0.0	1	1.0265247442640153	-7.505190023067316	345.0	1	1.06	0.9469				
	7	1	187.04000000000002	67.2	0.0	0.0	1	1.0159580876766972	-8.845044138976156	345.0	1	1.0506	0.94				
	8	1	417.6	141.28	0.0	0.0	1	1.0138873991176334	-9.052110051014683	345.0	1	1.0489	0.94				
	9	1	5.2	-53.279999999999994	0.0	0.0	1	1.018875200017187	-6.298306665615597	345.0	1	1.06	0.9419				
	10	1	0.0	0.0	0.0	0.0	1	1.035150963907695	-7.315457852876776	345.0	1	1.06	0.9552				
	11	1	0.0	0.0	0.0	0.0	1	1.0314968525055337	-7.381589176719547	345.0	1	1.0593	0.951				
	12	1	6.824	70.4	0.0	0.0	1	1.0224641818801348	-7.434477238431447	345.0	1	1.0497	0.94				
	13	1	0.0	0.0	0.0	0.0	1	1.0314742219185242	-7.3866934063364225	345.0	1	1.0573	0.9498				
	14	1	0.0	0.0	0.0	0.0	1	1.0251068268717614	-7.550328996052732	345.0	1	1.0531	0.9423				
	15	1	256.00000000000006	122.40000000000002	0.0	0.0	3	1.0178612794190642	-6.600260592798639	345.0	1	1.0466	0.94				
	16	1	263.2	25.839999999999996	0.0	0.0	3	1.0263171867993004	-4.913205073313745	345.0	1	1.0546	0.9449				
	17	1	0.0	0.0	0.0	0.0	2	1.0253125823706668	-5.12227876817776	345.0	1	1.0554	0.9406				
	18	1	126.40000000000002	24.0	0.0	0.0	2	1.0247895344668265	-5.706263805135811	345.0	1	1.0546	0.94				
	19	1	0.0	0.0	0.0	0.0	3	1.0526323513288294	0.5188860566726127	345.0	1	1.06	0.9893				
	20	1	544.0	82.4	0.0	0.0	3	0.9847772584224658	0.17344821825115456	345.0	1	1.0067	0.94				
	21	1	219.20000000000002	92.0	0.0	0.0	3	1.0184527595767052	-3.516889881271142	345.0	1	1.0519	0.94				
	22	1	0.0	0.0	0.0	0.0	3	1.0227914249451646	-0.4044390104528665	345.0	1	1.06	0.9447				
	23	1	198.00000000000003	67.68	0.0	0.0	3	1.0200030762435746	-1.8055404736010432	345.0	1	1.0572	0.94				
	24	1	246.88000000000002	-73.76	0.0	0.0	3	1.0291617756101732	-5.159155384055236	345.0	1	1.0587	0.9459				
	25	1	179.20000000000002	37.760000000000005	0.0	0.0	2	1.0287605565249105	-2.149164091535543	345.0	1	1.06	0.94				
	26	1	111.19999999999999	13.600000000000001	0.0	0.0	2	1.0231063317721694	-1.747769185132527	345.0	1	1.06	0.94				
	27	1	224.8	60.400000000000006	0.0	0.0	2	1.0192902566696194	-4.271388921456328	345.0	1	1.054	0.94				
	28	1	164.8	22.080000000000002	0.0	0.0	3	1.006957790163245	3.752589612276562	345.0	1	1.06	0.9414				
	29	1	226.8	21.519999999999996	0.0	0.0	3	1.002739683500088	6.976076503910422	345.0	1	1.06	0.9457				
	30	2	0.0	0.0	0.0	0.0	2	1.028880704422357	4.701501970986763	345.0	1	1.06	0.94				
	31	3	7.359999999999999	3.6799999999999997	0.0	0.0	1	1.0025327813323415	2.143014216208063e-26	345.0	1	1.06	0.94				
	32	2	0.0	0.0	0.0	0.0	1	1.0009800204386916	-6.424357213349509	345.0	1	1.048	0.94				
	33	2	0.0	0.0	0.0	0.0	3	1.0148726231500715	5.186387339895661	345.0	1	1.0266	0.94				
	34	2	0.0	0.0	0.0	0.0	3	0.9896056325043593	5.489216057087287	345.0	1	1.0282	0.94				
	35	2	0.0	0.0	0.0	0.0	3	1.0042964039851696	5.09685939606773	345.0	1	1.06	0.94				
	36	2	0.0	0.0	0.0	0.0	3	1.0201330945141516	-0.23063966197464406	345.0	1	1.06	0.94				
	37	2	0.0	0.0	0.0	0.0	2	1.0039744002582713	-1.1113776033926894	345.0	1	1.06	0.94				
	38	2	0.0	0.0	0.0	0.0	3	0.9738323929806453	14.980347571816104	345.0	1	1.06	0.94				
	39	2	883.1999999999999	200.0	0.0	0.0	1	0.9898419823544102	-4.202379989555321	345.0	1	1.06	0.94				
];

%% generator data
%    bus    Pg    Qg    Qmax    Qmin    Vg    mBase    status    Pmax    Pmin    Pc1    Pc2    Qc1min    Qc1max    Qc2min    Qc2max    ramp_agc    ramp_10    ramp_30    ramp_q    apf
mpc.gen = [
	30	649.6817660355186	140.00001921824492	400.0	140.0	1.0	100.0	1	1040.0	0.0															
	31	509.8652427796324	209.73153507442294	300.0	-100.0	1.0	100.0	1	646.0	0.0															
	32	82.61639313273726	168.49603790769677	300.0	150.0	1.0	100.0	1	725.0	0.0															
	33	591.4766136850048	216.88650255400455	250.0	0.0	1.0	100.0	1	652.0	0.0															
	34	508.0	72.87709803315818	167.0	0.0	1.0	100.0	1	508.0	0.0															
	35	682.4436007623773	77.58478174213114	300.0	-100.0	1.0	100.0	1	687.0	0.0															
	36	159.6265184729694	7.876733466710098e-6	240.0	0.0	1.0	100.0	1	580.0	0.0															
	37	77.20890603498184	0.00030871742395357967	250.0	0.0	1.0	100.0	1	564.0	0.0															
	38	852.0612485879291	-11.862547007201407	300.0	-150.0	1.0	100.0	1	865.0	0.0															
	39	1039.264932233541	-99.99999084090418	300.0	-100.0	1.0	100.0	1	1100.0	0.0															
];

%% branch data
%    f_bus    t_bus    r    x    b    rateA    rateB    rateC    ratio    angle    status    angmin    angmax
